11111111111111111111111111111111111111111111111111111111111111111111111111111111111111111111111111111111111111111111112
2                                                                                                 2                   2
2                                                                                                 2                   2
2                                                                                                 2                   2
2                            22        222222     222222  22222222                                2   Score :         2
2                            22       22    22   22          22                                   2                   2
2                            22       22    22   22          22                                   2   <X,Y> :         2
2                            22       22    22    22222      22                                   2                   2
2                            22       22    22        22     22                                   2   GROUP : XXV     2
2                            22       22    22        22     22                                   2                   2
2                            22222222  222222    222222      22                                   211111111111111111112
2                                                                                                 2                   2
2                                                                                                 2    Grass : 33     2
2                                                                                                 2                   2
2                            DO YOU WANT TO CONTINUE ?                                            2    Wall  : 22     2
2                                 + Press Y for Yes                                               2                   2
2                                 + Press N for No                                                2                   2
2                                                                                                 2                   2
2                                                                                                 2                   2
21111111111111111111111111111111111111111111111111111111111111111111111111111111111111111111111111211111111111111111112