11111111111111111111111111111111111111111111111111111111111111111111111111111111111111111111111111111111111111111111112
2                                                                                                 2                   2
2                                                                                                 2                   2
2                                                                                                 2                   2
2                                                                                                 2   Score :         2
2	                              33   33    33333     33                                     2                   2
2	                              33   33    33  33    33                                     2   <X,Y> :         2
2	                              33   33    33333     33                                     2                   2
2                                     33   33    33                                               2   GROUP : XXV     2
2                                      33333     33        33                                     2                   2 
2                                                                                                 211111111111111111112
2                                                                                                 2                   2
2                                                                                                 2    Grass : 33     2
2	                                 <Enter the GATE>                                         2                   2
2                                                                                                 2    Wall  : 22     2
2                                                                                                 2                   2
2                                                                                                 2  Press Z to save  2  
2                                                                                                 2                   2
2                                                                                                 2                   2
21111111111111111111111111111111111111111111111111111111111111111111111111111111111111111111111111211111111111111111112




