11111111111111111111111111111111111111111111111111111111111111111111111111111111111111111111111111111111111111111111111
2                                                                                                 2                   2
2                                                                                                 2                   2
2                                    3                      3                                     2                   2
2                                     3                    3                                      2   Score :         2
2                                      3      333333      3                                       2                   2
2                                            33    33                                             2   <X,Y> :         2
2                                            33                                                   2                   2
2                                            33                                                   2   GROUP : XXV     2
2                                             3333333                                             2                   2
2                                                   33                                            211111111111111111112
2                                                   33                                            2                   2
2                                                   33                                            2    Grass : 33     2                   
2                                           33      33                                            2                   2
2                                      3     33333333     3                                       2    Wall  : 22     2
2                                     3                    3                                      2                   2
2                                    3                      3                                     2  Press Z to save  2
2                                                                                                 2                   2
2                                                                                                 2                   2                   
21111111111111111111111111111111111111111111111111111111111111111111111111111111111111111111111111211111111111111111112
11111111111111111111111111111111111111111111111111111111111111111111111111111111111111111111111111111111111111111111111
2                                                                                                 2                   2
2                                                                                                 2                   2
2                                                                                                 2                   2                   
2                                                 3                                               2   Score :         2
2                                                 3                                               2                   2
2                                                 3                                               2   <X,Y> :         2
2                                             33     33                                           2                   2                   
2                                             333    33                                           2   GROUP : XXV     2
2                                      333    33 3   33    333                                    2                   2
2                                             33  3  33                                           211111111111111111112
2                                             33   3 33                                           2                   2
2                                             33    333                                           2    Grass : 33     2 
2                                                 3                                               2                   2
2                                                 3                                               2    Wall  : 22     2
2                                                 3                                               2                   2
2                                                                                                 2  Press Z to save  2
2                                                                                                 2                   2
2                                                                                                 2                   2
21111111111111111111111111111111111111111111111111111111111111111111111111111111111111111111111111211111111111111111112
11111111111111111111111111111111111111111111111111111111111111111111111111111111111111111111111111111111111111111111111
2                                                                                                 2                   2
2                                                                                                 2                   2
2                                                 3                                               2                   2                                                                             
2                                                 3                                               2   Score :         2
2                                                 3                                               2                   2
2                                                                                                 2   <X,Y> :         2
2                                              333333                                             2                   2
2                                             33    33                                            2   GROUP : XXV     2
2                                             33    33                                            2                   2
2                                    333      33333333      333                                   211111111111111111112
2                                             33    33                                            2                   2
2                                             33    33                                            2    Grass : 33     2 
2                                             33    33                                            2                   2
2                                                                                                 2    Wall  : 22     2
2                                                 3                                               2                   2
2                                                 3                                               2  Press Z to save  2
2                                                 3                                               2                   2
2                                                                                                 2                   2
21111111111111111111111111111111111111111111111111111111111111111111111111111111111111111111111111211111111111111111112
11111111111111111111111111111111111111111111111111111111111111111111111111111111111111111111111111111111111111111111111
2                                                                                                 2                   2
2                                                                                                 2                   2
2                                                                                                 2                   2
2                                      3                  3                                       2   Score :         2
2                                       3                3                                        2                   2
2                                        3              3                                         2   <X,Y> :         2
2                                            33    33                                             2                   2
2                                            33   33                                              2   GROUP : XXV     2
2                                            33  33                                               2                   2
2                                            33333                                                211111111111111111112
2                                            33  33                                               2                   2
2                                            33   33                                              2    Grass : 33     2 
2                                            33    33                                             2                   2
2                                        3             3                                          2    Wall  : 22     2
2                                       3               3                                         2                   2
2                                      3                 3                                        2  Press Z to save  2
2                                                                                                 2                   2
2                                                                                                 2                   2
21111111111111111111111111111111111111111111111111111111111111111111111111111111111111111111111111211111111111111111112
11111111111111111111111111111111111111111111111111111111111111111111111111111111111111111111111111111111111111111111111
2                                                                                                 2                   2
2                                              3                                                  2                   2
2                                              3                                                  2                   2
2                                              3                                                  2   Score :         2
2                                                                                                 2                   2
2                                           3333333                                               2   <X,Y> :         2
2                                           33                                                    2                   2
2                                           33                                                    2   GROUP : XXV     2
2                                 333       333333      333                                       2                   2
2                                           33                                                    211111111111111111112
2                                           33                                                    2                   2
2                                           3333333                                               2    Grass : 33     2 
2                                                                                                 2                   2
2                                              3                                                  2    Wall  : 22     2
2                                              3                                                  2                   2
2                                              3                                                  2  Press Z to save  2
2                                                                                                 2                   2
2                                                                                                 2                   2
21111111111111111111111111111111111111111111111111111111111111111111111111111111111111111111111111211111111111111111112
