111111111111111111111111111111111111111111111111111111111111111111111111111111111111111111111111111
2                                                                                                 2
2                                                                                                 2
2                                                                                                 2
2                                                                                                 2
2	                                                                                          2
2	                                                                                          2
2	                                                                                          2
2                                                                                                 2 
2                                                                                                 2
2                                                                                                 2 
2                                                                                                 2
2                                                                                                 2
2	                                                                                          2
2                                                                                                 2 
2                                                                                                 2
2                                                                                                 2 
2                                                                                                 2
2                                                                                                 2
211111111111111111111111111111111111111111111111111111111111111111111111111111111111111111111111112