11111111111111111111111111111111111111111111111111111111111111111111111111111111111111111111111111111111111111111111112
2                                                                                                 2                   2
2                                                                                                 2                   2
2                                                                                                 2   You are the     2
2                                                                                                 2                   2
2	                                  1111  1111                                              2    CHAMPION !     2
2	                                 111111111111                                             2                   2
2	                                 111111111111                                             2                   2
2                                         1111111111                                              2                   2   
2                                          11111111                                               2                   2 
2                                           111111                                                2                   2 
2                                             11                                                  2                   2
2                                                                                                 2                   2
2	                               <CONGRATULATIONS>                                          2                   2
2                                      <YOU WON THE GAME>                                         2                   2 
2                                      <DO YOU WANNA RESTART ? (Y/N)>                             2                   2
2                                                                                                 2                   2 
2                                                                                                 2                   2
2                                                                                                 2                   2
21111111111111111111111111111111111111111111111111111111111111111111111111111111111111111111111111211111111111111111112
